0 0.4125 0.28203125 0.059375 0.0625
0 0.25 0.27421875 0.0953125 0.11171875
0 0.659375 0.28984375 0.10078125 0.1484375
0 0.14609375 0.30625 0.14140625 0.13984375
0 0.50625 0.275 0.009375 0.02421875
0 0.80390625 0.33671875 0.18984375 0.22734375
0 0.3265625 0.26875 0.0640625 0.090625
0 0.5765625 0.27890625 0.03046875 0.06953125
0 0.5234375 0.278125 0.015625 0.0359375
0 0.45546875 0.271875 0.0203125 0.0296875
0 0.5484375 0.2734375 0.0453125 0.0609375
0 0.0421875 0.33046875 0.08046875 0.184375
0 0.59765625 0.28203125 0.03046875 0.0859375
0 0.6078125 0.309375 0.03203125 0.084375
0 0.6578125 0.03203125 0.01875 0.00390625