0 0.4765625 0.5890625 0.0171875 0.01953125
0 0.29765625 0.59375 0.05390625 0.05234375
0 0.40078125 0.58828125 0.0171875 0.01953125
0 0.5765625 0.60390625 0.0640625 0.05625
0 0.35546875 0.58671875 0.0296875 0.03984375
0 0.23359375 0.58203125 0.021875 0.02578125
0 0.50546875 0.5921875 0.0296875 0.02890625
0 0.44296875 0.58828125 0.009375 0.01484375
0 0.4890625 0.58984375 0.00859375 0.0203125
0 0.33671875 0.5921875 0.02578125 0.03359375
0 0.41328125 0.5875 0.0140625 0.0171875
0 0.11484375 0.72734375 0.228125 0.36484375
0 0.446875 0.5828125 0.0234375 0.02578125
0 0.42265625 0.584375 0.01484375 0.025
0 0.46640625 0.58671875 0.01953125 0.0203125
0 0.56875 0.615625 0.01171875 0.0359375
0 0.02421875 0.63203125 0.0390625 0.05234375