0 0.48125 0.39609375 0.01953125 0.02734375
0 0.41640625 0.39765625 0.02109375 0.025
0 0.33984375 0.3984375 0.0109375 0.02109375
0 0.21640625 0.3953125 0.03203125 0.04609375
0 0.31875 0.39609375 0.0109375 0.02578125
0 0.0203125 0.403125 0.040625 0.08125
0 0.5015625 0.4015625 0.01484375 0.01484375
0 0.54765625 0.39765625 0.01953125 0.021875
0 0.5359375 0.3984375 0.0140625 0.01875
0 0.275 0.39375 0.02890625 0.0375
0 0.61015625 0.39609375 0.10703125 0.0625
0 0.32890625 0.396875 0.015625 0.0265625
0 0.525 0.39921875 0.0171875 0.01953125
0 0.5140625 0.4 0.01484375 0.01796875
0 0.62734375 0.37265625 0.00859375 0.0125
0 0.465625 0.39921875 0.00859375 0.01796875
0 0.43125 0.39921875 0.0125 0.0140625
0 0.0109375 0.36953125 0.0203125 0.015625
0 0.78671875 0.365625 0.26875 0.14375
0 0.3015625 0.3890625 0.0203125 0.046875