0 0.48515625 0.8859375 0.03828125 0.0625
0 0.10078125 0.86796875 0.04765625 0.03359375
0 0.653125 0.91640625 0.1578125 0.16171875
0 0.4125 0.89296875 0.053125 0.06640625
0 0.234375 0.93203125 0.08984375 0.0984375
0 0.36171875 0.821875 0.040625 0.03515625
0 0.6203125 0.86953125 0.0421875 0.06953125
0 0.60390625 0.825 0.02421875 0.03984375
0 0.04765625 0.96328125 0.09296875 0.07109375
0 0.57890625 0.83203125 0.02421875 0.0328125
0 0.54765625 0.815625 0.0390625 0.0421875
0 0.184375 0.91484375 0.05390625 0.06875
0 0.55390625 0.80703125 0.0125 0.021875
0 0.58984375 0.93203125 0.0390625 0.128125
0 0.49296875 0.81015625 0.02578125 0.02734375
0 0.18671875 0.85703125 0.0265625 0.02734375