0 0.77265625 0.5578125 0.17421875 0.15078125
0 0.16875 0.565625 0.15390625 0.1515625
0 0.41328125 0.45390625 0.12890625 0.2859375
0 0.278125 0.52578125 0.040625 0.0609375
0 0.2515625 0.53046875 0.0171875 0.040625
0 0.73203125 0.50859375 0.02109375 0.02734375
0 0.78359375 0.50859375 0.015625 0.02265625
0 0.6390625 0.4734375 0.10859375 0.21640625
0 0.5265625 0.50703125 0.03203125 0.04140625
0 0.503125 0.496875 0.0125 0.03359375
0 0.48828125 0.49765625 0.01875 0.028125
0 0.32421875 0.50859375 0.06171875 0.12890625