0 0.77265625 0.34296875 0.228125 0.225
0 0.65546875 0.328125 0.071875 0.12734375
0 0.24921875 0.309375 0.03984375 0.04609375
0 0.5078125 0.30546875 0.02421875 0.0375
0 0.3109375 0.30546875 0.021875 0.0265625
0 0.07734375 0.346875 0.07421875 0.08828125
0 0.28828125 0.30703125 0.02578125 0.03515625
0 0.490625 0.303125 0.0203125 0.03046875
0 0.3421875 0.30546875 0.01171875 0.0171875
0 0.45859375 0.29375 0.0125 0.0203125
0 0.16328125 0.30546875 0.0296875 0.034375
0 0.02109375 0.3546875 0.0421875 0.11015625
0 0.5453125 0.30703125 0.05859375 0.078125
0 0.61875 0.3328125 0.0421875 0.1171875
0 0.36171875 0.29921875 0.0234375 0.0234375
0 0.38515625 0.2984375 0.01015625 0.015625
0 0.21640625 0.3234375 0.0484375 0.0515625
0 0.396875 0.29609375 0.01171875 0.01875
0 0.9203125 0.4375 0.1484375 0.26875
0 0.13125 0.30859375 0.03125 0.0515625
0 0.4171875 0.3015625 0.02890625 0.040625