0 0.64140625 0.46015625 0.0421875 0.06171875
0 0.5578125 0.47109375 0.04921875 0.06640625
0 0.5359375 0.44140625 0.01953125 0.02265625
0 0.934375 0.5046875 0.12734375 0.0734375
0 0.58671875 0.45078125 0.02734375 0.040625
0 0.81484375 0.48984375 0.084375 0.0578125
0 0.70390625 0.46015625 0.0453125 0.04765625
0 0.73828125 0.46953125 0.06328125 0.05
0 0.68046875 0.4578125 0.02890625 0.0375
0 0.6046875 0.446875 0.02578125 0.03828125
0 0.68125 0.44765625 0.01875 0.01640625
0 0.053125 0.45390625 0.04375 0.03125
0 0.6359375 0.4390625 0.028125 0.025
0 0.9875 0.49140625 0.02265625 0.02890625