0 0.31171875 0.56015625 0.06796875 0.07890625
0 0.521875 0.56484375 0.05546875 0.0703125
0 0.4359375 0.59453125 0.1125 0.171875
0 0.36484375 0.55234375 0.04375 0.0453125
0 0.07421875 0.5546875 0.03671875 0.03515625
0 0.4875 0.55546875 0.01953125 0.0359375
0 0.290625 0.540625 0.04140625 0.046875
0 0.3484375 0.5515625 0.009375 0.01328125
0 0.46015625 0.52890625 0.034375 0.03046875
0 0.4125 0.54609375 0.02890625 0.0359375
0 0.50625 0.57578125 0.01328125 0.04140625
0 0.95234375 0.83125 0.0953125 0.28828125
0 0.0296875 0.559375 0.05 0.03671875
0 0.2515625 0.55546875 0.03203125 0.0640625
0 0.28203125 0.54375 0.0140625 0.0203125
0 0.28203125 0.559375 0.01796875 0.06171875
0 0.46171875 0.5515625 0.01640625 0.0203125