0 0.5171875 0.4828125 0.03125 0.05
0 0.5375 0.48125 0.01875 0.03203125
0 0.60859375 0.4875 0.059375 0.08515625
0 0.56171875 0.484375 0.0421875 0.04921875
0 0.409375 0.5640625 0.1640625 0.23984375
0 0.47890625 0.45859375 0.0234375 0.03046875
0 0.49296875 0.475 0.0234375 0.034375
0 0.4703125 0.4703125 0.0140625 0.01796875
0 0.3046875 0.4828125 0.059375 0.07734375
0 0.34921875 0.48125 0.03125 0.06953125
0 0.9234375 0.57265625 0.1515625 0.19140625
3 0.80078125 0.5125 0.025 0.12265625
3 0.65546875 0.4828125 0.01796875 0.04609375