0 0.57578125 0.51640625 0.01171875 0.02109375
0 0.25078125 0.54296875 0.0703125 0.07265625
0 0.5234375 0.509375 0.00859375 0.0109375
0 0.3015625 0.53359375 0.05703125 0.06953125
0 0.50859375 0.50703125 0.009375 0.0125
0 0.07578125 0.5640625 0.14921875 0.13984375
0 0.459375 0.5125 0.0140625 0.021875
0 0.4453125 0.51328125 0.02109375 0.0265625
0 0.40703125 0.51640625 0.01796875 0.0421875
0 0.534375 0.50859375 0.0109375 0.015625
0 0.5546875 0.52265625 0.02734375 0.03828125
0 0.46953125 0.51015625 0.0140625 0.021875
0 0.590625 0.52265625 0.02734375 0.034375
0 0.48046875 0.50859375 0.01015625 0.01796875
0 0.6453125 0.528125 0.02734375 0.04296875
0 0.49765625 0.50703125 0.009375 0.01171875
0 0.61875 0.534375 0.0421875 0.05234375
0 0.70625 0.57421875 0.10546875 0.11328125
0 0.19140625 0.55703125 0.10546875 0.0859375
0 0.92265625 0.6046875 0.15234375 0.13515625
0 0.38046875 0.5125 0.0515625 0.07421875