0 0.54140625 0.58359375 0.04375 0.071875
0 0.51796875 0.56171875 0.04453125 0.0640625
0 0.33203125 0.57734375 0.03671875 0.06328125
0 0.2734375 0.603125 0.03984375 0.08671875
0 0.5859375 0.62109375 0.0875 0.1421875
0 0.1 0.65390625 0.18203125 0.17421875
0 0.39375 0.55234375 0.009375 0.0171875
0 0.36875 0.57109375 0.03203125 0.0421875
0 0.38203125 0.56015625 0.02734375 0.03828125
0 0.01484375 0.6890625 0.0296875 0.16875
0 0.73359375 0.65625 0.2578125 0.325
0 0.8625 0.78671875 0.2640625 0.41875
0 0.275 0.55625 0.015625 0.01640625
3 0.03203125 0.5734375 0.03203125 0.103125
0 0.29140625 0.54921875 0.02421875 0.01484375
0 0.21953125 0.6 0.09453125 0.11875