0 0.45546875 0.58046875 0.0625 0.09296875
0 0.4484375 0.5296875 0.0140625 0.015625
0 0.3453125 0.5640625 0.02265625 0.02734375
0 0.47734375 0.52890625 0.0140625 0.02109375
0 0.39921875 0.54375 0.01015625 0.02265625
0 0.5046875 0.54921875 0.0234375 0.07578125
0 0.75625 0.72734375 0.4875 0.5296875
0 0.565625 0.56484375 0.15390625 0.19609375
0 0.25390625 0.56875 0.06171875 0.04921875
0 0.02890625 0.6078125 0.0578125 0.13671875
3 0.09375 0.590625 0.01796875 0.06953125
0 0.5453125 0.58828125 0.0875 0.23515625
0 0.4140625 0.55703125 0.02890625 0.040625
0 0.43046875 0.53828125 0.0125 0.0171875
3 0.19453125 0.584375 0.01015625 0.03671875
3 0.21953125 0.58125 0.01171875 0.034375
0 0.41484375 0.540625 0.015625 0.0203125
0 0.43828125 0.5359375 0.02890625 0.02578125