0 0.85625 0.4875 0.0953125 0.10859375
0 0.6640625 0.45390625 0.0359375 0.03203125
0 0.50546875 0.47578125 0.0359375 0.04765625
0 0.415625 0.49140625 0.06171875 0.06484375
0 0.5625 0.45625 0.02578125 0.03359375
0 0.071875 0.52421875 0.13984375 0.23828125
0 0.53515625 0.459375 0.0234375 0.03515625
0 0.4671875 0.484375 0.04140625 0.05
0 0.6125 0.44921875 0.04375 0.03125
0 0.5953125 0.45078125 0.0171875 0.02578125
0 0.73203125 0.45625 0.0515625 0.04453125
0 0.78828125 0.46796875 0.05546875 0.059375
0 0.21953125 0.51875 0.14609375 0.2046875
0 0.33515625 0.49921875 0.10625 0.109375