0 0.2796875 0.43828125 0.16640625 0.3015625
0 0.07578125 0.628125 0.1515625 0.66171875
0 0.146875 0.52109375 0.29375 0.41875
0 0.91015625 0.53046875 0.17890625 0.1578125
0 0.64765625 0.475 0.05234375 0.06640625
0 0.790625 0.50546875 0.11875 0.11328125
0 0.4609375 0.44765625 0.01796875 0.02265625
0 0.6734375 0.484375 0.05625 0.0703125
0 0.7203125 0.49921875 0.06484375 0.07578125
0 0.5578125 0.46328125 0.01953125 0.03671875
0 0.48046875 0.45 0.021875 0.03203125
0 0.52265625 0.45390625 0.034375 0.04921875
0 0.5859375 0.46640625 0.0265625 0.04453125
0 0.57265625 0.46484375 0.0171875 0.03984375
0 0.6203125 0.465625 0.05 0.06953125
0 0.35859375 0.44140625 0.06484375 0.184375
0 0.3921875 0.4296875 0.04140625 0.11328125
3 0.51484375 0.45625 0.02421875 0.0796875