0 0.5375 0.496875 0.0203125 0.03125
0 0.40625 0.49140625 0.028125 0.021875
0 0.07578125 0.52890625 0.15078125 0.11875
0 0.225 0.50625 0.11484375 0.07578125
0 0.50703125 0.496875 0.0234375 0.03515625
0 0.48203125 0.49453125 0.00859375 0.0203125
0 0.553125 0.5015625 0.02890625 0.03203125
0 0.3921875 0.4921875 0.015625 0.01875
0 0.32734375 0.4953125 0.03125 0.03359375
0 0.434375 0.49453125 0.0203125 0.0265625
0 0.459375 0.50234375 0.0328125 0.0453125
0 0.5234375 0.4953125 0.01328125 0.02578125
0 0.371875 0.496875 0.03046875 0.028125
0 0.56484375 0.4890625 0.01015625 0.015625
0 0.325 0.48671875 0.01875 0.015625
0 0.01484375 0.47890625 0.02890625 0.02421875
0 0.73359375 0.52265625 0.09921875 0.08671875
0 0.184375 0.47578125 0.0234375 0.01171875
3 0.87421875 0.4859375 0.01953125 0.0953125
0 0.55390625 0.47890625 0.0171875 0.0203125
0 0.35390625 0.48671875 0.0234375 0.01796875
0 0.35 0.49921875 0.01796875 0.028125
0 0.4921875 0.49609375 0.0125 0.02734375
0 0.45703125 0.47421875 0.01328125 0.01171875
0 0.46484375 0.4734375 0.021875 0.0171875
3 0.9 0.4890625 0.01953125 0.0859375
0 0.1390625 0.51328125 0.1125 0.1015625