0 0.2 0.49921875 0.05390625 0.07890625
0 0.24609375 0.496875 0.02421875 0.02734375
0 0.43046875 0.5 0.03515625 0.03125
0 0.38515625 0.49453125 0.015625 0.0203125
0 0.396875 0.49453125 0.034375 0.02734375
0 0.45390625 0.50234375 0.03671875 0.03125
0 0.64375 0.52265625 0.08828125 0.07109375
0 0.415625 0.49765625 0.0265625 0.028125
0 0.72421875 0.525 0.1125 0.07890625
0 0.3359375 0.4875 0.0109375 0.0140625
0 0.9 0.5484375 0.1515625 0.134375
0 0.30859375 0.48671875 0.0109375 0.02265625
0 0.11953125 0.5 0.021875 0.0375
0 0.4890625 0.4984375 0.06796875 0.04765625
0 0.321875 0.48984375 0.01015625 0.015625
0 0.571875 0.509375 0.065625 0.05546875
0 0.75625 0.48515625 0.03984375 0.0125
0 0.85234375 0.53984375 0.17890625 0.1296875
0 0.79453125 0.53203125 0.14453125 0.09609375
0 0.71171875 0.51640625 0.11015625 0.09453125
0 0.5640625 0.50234375 0.08671875 0.06953125
0 0.48515625 0.49375 0.078125 0.0625
0 0.8109375 0.48359375 0.05859375 0.01796875
0 0.353125 0.48984375 0.01171875 0.01796875
0 0.6546875 0.4828125 0.05234375 0.01796875
0 0.61875 0.48125 0.03359375 0.0171875
0 0.465625 0.4828125 0.0203125 0.01328125
0 0.36640625 0.4875 0.01171875 0.02421875
0 0.44140625 0.4859375 0.02265625 0.01484375
0 0.590625 0.475 0.02890625 0.01171875
0 0.79375 0.48359375 0.01328125 0.01328125
0 0.49296875 0.47421875 0.03046875 0.01875
0 0.5203125 0.48359375 0.03125 0.0171875