0 0.3859375 0.44921875 0.04296875 0.05625
0 0.4640625 0.4421875 0.01953125 0.02890625
0 0.64921875 0.4828125 0.06875 0.08515625
0 0.89375 0.54609375 0.20546875 0.25
0 0.4828125 0.43828125 0.0125 0.0203125
0 0.171875 0.4625 0.109375 0.11640625
0 0.74375 0.5015625 0.13203125 0.14375
0 0.553125 0.4546875 0.02265625 0.0484375
0 0.43125 0.440625 0.0140625 0.01484375
0 0.6171875 0.4640625 0.059375 0.0828125
0 0.44609375 0.4375 0.015625 0.01796875
0 0.584375 0.45859375 0.0359375 0.07421875
0 0.49140625 0.43515625 0.01015625 0.021875