0 0.31015625 0.54765625 0.021875 0.04609375
0 0.6984375 0.628125 0.11015625 0.1375
0 0.94296875 0.72890625 0.11015625 0.27734375
0 0.5 0.54453125 0.04609375 0.08203125
0 0.46640625 0.5515625 0.01640625 0.034375
0 0.3421875 0.5796875 0.06875 0.08203125
0 0.98359375 0.59453125 0.03125 0.03359375
0 0.065625 0.603125 0.1265625 0.190625
0 0.8359375 0.66015625 0.22890625 0.2125
0 0.4421875 0.55546875 0.03359375 0.0765625
3 0.2359375 0.54765625 0.021875 0.08828125
3 0.5765625 0.56484375 0.01328125 0.059375
3 0.19765625 0.56796875 0.0171875 0.06640625
3 0.22421875 0.55 0.0125 0.059375
3 0.58671875 0.565625 0.01171875 0.05703125
3 0.29296875 0.55 0.0125 0.05
3 0.01953125 0.63828125 0.0390625 0.26328125