0 0.72734375 0.634375 0.25546875 0.35625
0 0.06015625 0.6140625 0.05234375 0.1125
0 0.3234375 0.59453125 0.02109375 0.025
0 0.41796875 0.5828125 0.01328125 0.0265625
0 0.21484375 0.61484375 0.04140625 0.0453125
0 0.5359375 0.58125 0.0421875 0.040625
0 0.340625 0.590625 0.02421875 0.028125
0 0.45 0.58046875 0.028125 0.03359375
0 0.4984375 0.5765625 0.0234375 0.02734375
0 0.578125 0.5796875 0.025 0.03671875
0 0.246875 0.61171875 0.04140625 0.04140625
0 0.2984375 0.5984375 0.0234375 0.02890625
0 0.36328125 0.59296875 0.0109375 0.0234375
0 0.47890625 0.57734375 0.02890625 0.02578125
0 0.62421875 0.5703125 0.0328125 0.0515625
0 0.43515625 0.58984375 0.025 0.03828125
0 0.190625 0.6203125 0.04921875 0.05078125
0 0.3703125 0.5828125 0.01171875 0.03359375
0 0.84140625 0.559375 0.0171875 0.06875
0 0.4109375 0.565625 0.00859375 0.01484375
0 0.1640625 0.62421875 0.04921875 0.05625
0 0.01640625 0.59921875 0.0328125 0.0703125
0 0.0234375 0.653125 0.04609375 0.0578125
0 0.3828125 0.57578125 0.028125 0.04296875
0 0.43125 0.5703125 0.021875 0.03046875
0 0.62734375 0.62421875 0.0421875 0.14921875
0 0.0078125 0.6078125 0.0125 0.040625
0 0.8328125 0.52890625 0.0109375 0.0296875
0 0.8734375 0.51796875 0.01796875 0.04609375