0 0.73984375 0.49921875 0.1109375 0.18203125
0 0.48671875 0.4734375 0.15546875 0.128125
0 0.021875 0.5203125 0.04296875 0.13515625
0 0.04375 0.48671875 0.053125 0.08671875
0 0.09296875 0.4828125 0.0671875 0.08203125
0 0.16796875 0.484375 0.02734375 0.06328125
0 0.2 0.46875 0.02734375 0.05078125
0 0.3921875 0.47421875 0.0328125 0.06484375
0 0.36015625 0.48203125 0.0125 0.03125
3 0.81328125 0.2046875 0.03671875 0.11484375
3 0.61953125 0.32421875 0.02421875 0.07421875
3 0.5046875 0.43046875 0.01328125 0.08203125
3 0.553125 0.42421875 0.0203125 0.078125