0 0.42734375 0.403125 0.0125 0.01875
0 0.3890625 0.4015625 0.00703125 0.01640625
0 0.46328125 0.4125 0.015625 0.0328125
0 0.25703125 0.43671875 0.0359375 0.05703125
0 0.40859375 0.39765625 0.0109375 0.01484375
0 0.153125 0.45390625 0.07265625 0.1015625
0 0.3296875 0.41875 0.02578125 0.03984375
0 0.21796875 0.44609375 0.05 0.06796875
0 0.43828125 0.4078125 0.0125 0.02421875
0 0.3484375 0.415625 0.01640625 0.02734375
0 0.09140625 0.4671875 0.109375 0.11484375
0 0.45390625 0.4109375 0.0125 0.02734375
0 0.35703125 0.41484375 0.0140625 0.02109375
0 0.0515625 0.48671875 0.03515625 0.0765625
0 0.36328125 0.40859375 0.01328125 0.02421875
0 0.6765625 0.4140625 0.01796875 0.08359375
0 0.4453125 0.409375 0.0125 0.0265625
0 0.309375 0.425 0.0328125 0.0453125
0 0.4875 0.4109375 0.03984375 0.05703125