0 0.07734375 0.52890625 0.153125 0.1703125
0 0.62109375 0.5015625 0.0796875 0.09453125
0 0.48671875 0.4640625 0.03984375 0.065625
0 0.4125 0.4578125 0.025 0.0359375
0 0.27578125 0.4921875 0.0734375 0.08515625
0 0.21015625 0.509375 0.109375 0.1109375
0 0.7171875 0.54453125 0.16484375 0.159375
0 0.52265625 0.44609375 0.01484375 0.01875
0 0.5359375 0.459375 0.01953125 0.02734375
0 0.49140625 0.43125 0.0109375 0.01328125
0 0.434375 0.45390625 0.02265625 0.028125
0 0.46796875 0.43828125 0.0171875 0.021875
0 0.478125 0.43359375 0.009375 0.01328125
0 0.59296875 0.478125 0.04921875 0.0875
0 0.03125 0.52265625 0.0609375 0.12109375
0 0.58125 0.45 0.0140625 0.0375
0 0.21640625 0.4703125 0.0453125 0.0421875
0 0.5734375 0.4921875 0.02109375 0.0546875
0 0.940625 0.7234375 0.11640625 0.35078125
0 0.55234375 0.4671875 0.0234375 0.03046875