0 0.446875 0.4875 0.03046875 0.04921875
0 0.39375 0.4875 0.01171875 0.01484375
0 0.1046875 0.50703125 0.10390625 0.0953125
0 0.42421875 0.484375 0.0125 0.01796875
0 0.2671875 0.47890625 0.059375 0.096875
0 0.16171875 0.50234375 0.05546875 0.09921875
3 0.815625 0.4734375 0.14140625 0.36328125
0 0.38671875 0.48828125 0.00859375 0.015625
0 0.35234375 0.4890625 0.0203125 0.021875
0 0.3703125 0.4890625 0.0125 0.015625
3 0.76171875 0.4703125 0.02421875 0.16484375
0 0.32890625 0.4921875 0.0171875 0.025
0 0.4046875 0.4828125 0.009375 0.0203125
0 0.471875 0.48046875 0.0125 0.034375
0 0.340625 0.490625 0.009375 0.02265625
0 0.19453125 0.9625 0.02578125 0.02890625