0 0.88203125 0.44765625 0.07109375 0.05390625
0 0.0109375 0.534375 0.02109375 0.05
0 0.33515625 0.50390625 0.0421875 0.07578125
0 0.8828125 0.446875 0.0703125 0.05234375
0 0.81171875 0.45078125 0.08046875 0.0484375
0 0.75703125 0.4625 0.0765625 0.04921875
0 0.18203125 0.5328125 0.06953125 0.0921875
0 0.66953125 0.4703125 0.09453125 0.05859375
0 0.365625 0.5046875 0.03125 0.04296875
0 0.5953125 0.48203125 0.0609375 0.05390625
0 0.00859375 0.52109375 0.0171875 0.025
0 0.271875 0.5390625 0.11171875 0.15
0 0.46015625 0.58125 0.1921875 0.3078125
0 0.09921875 0.52265625 0.0234375 0.02265625
0 0.0515625 0.64375 0.1015625 0.46015625
0 0.13671875 0.51484375 0.02578125 0.02265625
0 0.43828125 0.4984375 0.0203125 0.046875
0 0.22421875 0.5015625 0.009375 0.02109375
0 0.7 0.45234375 0.03359375 0.01328125
0 0.78046875 0.453125 0.0296875 0.01953125
0 0.37890625 0.4859375 0.01796875 0.0171875
0 0.540625 0.503125 0.01328125 0.0453125
0 0.234375 0.4796875 0.0140625 0.0265625