0 0.60625 0.4265625 0.0609375 0.06875
0 0.325 0.384375 0.025 0.0203125
0 0.4515625 0.4484375 0.09453125 0.13203125
0 0.30390625 0.390625 0.01640625 0.01875
0 0.52265625 0.38125 0.0125 0.0140625
0 0.49765625 0.3859375 0.0140625 0.01953125
0 0.3625 0.3828125 0.015625 0.0171875
0 0.65859375 0.4046875 0.0375 0.034375
0 0.64140625 0.4 0.02109375 0.02890625
0 0.48203125 0.37421875 0.00859375 0.0125
0 0.48984375 0.3765625 0.01015625 0.0125
0 0.34453125 0.38125 0.0171875 0.0171875
0 0.37265625 0.3765625 0.009375 0.015625
0 0.54140625 0.38125 0.0109375 0.015625
0 0.50703125 0.38046875 0.00859375 0.01640625
0 0.48203125 0.3875 0.00703125 0.0140625
0 0.415625 0.38203125 0.01875 0.02578125
0 0.28515625 0.409375 0.0453125 0.0421875
0 0.60625 0.38671875 0.0078125 0.01015625
0 0.10703125 0.41015625 0.021875 0.025
0 0.1921875 0.4078125 0.02109375 0.02421875
0 0.40234375 0.375 0.0125 0.02265625
0 0.50078125 0.37734375 0.00859375 0.0140625
0 0.83671875 0.45078125 0.32578125 0.44453125