0 0.8578125 0.47421875 0.04609375 0.08359375
0 0.96796875 0.45859375 0.0640625 0.11640625
0 0.79609375 0.4703125 0.01640625 0.01484375
0 0.790625 0.50234375 0.03359375 0.0375
0 0.765625 0.47109375 0.0125 0.01640625
0 0.8296875 0.46015625 0.015625 0.025
0 0.30859375 0.50234375 0.09375 0.0515625
0 0.20546875 0.5203125 0.0578125 0.05234375
0 0.1140625 0.5234375 0.121875 0.12734375
0 0.06484375 0.490625 0.02265625 0.02421875
0 0.37421875 0.49375 0.05703125 0.05
0 0.0578125 0.5125 0.03984375 0.03828125
0 0.74140625 0.4828125 0.02734375 0.02109375
0 0.80546875 0.4671875 0.01171875 0.01328125
0 0.81484375 0.46015625 0.01015625 0.0171875
0 0.21015625 0.496875 0.03984375 0.03125
0 0.0359375 0.50625 0.02890625 0.02265625
0 0.04375 0.51875 0.01796875 0.028125
0 0.0171875 0.52109375 0.03359375 0.04765625
0 0.0140625 0.49453125 0.01796875 0.02421875
0 0.7859375 0.4640625 0.00859375 0.0140625