0 0.8984375 0.52109375 0.19765625 0.25390625
0 0.646875 0.4515625 0.3515625 0.6296875
0 0.1625 0.58046875 0.0921875 0.1109375
0 0.06484375 0.55859375 0.0671875 0.06484375
0 0.078125 0.45859375 0.03359375 0.03046875
0 0.1078125 0.46328125 0.034375 0.02890625
0 0.27265625 0.45859375 0.02421875 0.0234375
0 0.2296875 0.4546875 0.03203125 0.028125
0 0.1515625 0.4234375 0.025 0.01796875
0 0.24453125 0.52578125 0.02890625 0.0359375
0 0.2828125 0.48515625 0.0296875 0.021875
0 0.32265625 0.43515625 0.01875 0.01953125
0 0.2828125 0.43671875 0.0203125 0.01796875
0 0.17578125 0.5234375 0.046875 0.02421875
0 0.196875 0.44375 0.02578125 0.025
0 0.27578125 0.5734375 0.0453125 0.034375
0 0.26484375 0.41796875 0.01796875 0.01328125
0 0.346875 0.44453125 0.01796875 0.01953125
0 0.3390625 0.41484375 0.01484375 0.0140625
0 0.42421875 0.496875 0.03359375 0.0265625
0 0.4078125 0.45859375 0.01875 0.01953125
0 0.3453125 0.478125 0.0265625 0.0203125
0 0.0234375 0.596875 0.046875 0.03984375
0 0.43359375 0.4359375 0.01796875 0.01484375
0 0.35390625 0.43515625 0.01484375 0.01484375
0 0.4125 0.4265625 0.0125 0.01328125
0 0.38203125 0.4359375 0.0140625 0.01640625
0 0.4640625 0.43125 0.01640625 0.01484375
0 0.403125 0.490625 0.0265625 0.02578125
0 0.4375 0.42421875 0.01484375 0.0140625
0 0.4625 0.46484375 0.0203125 0.01953125
0 0.4859375 0.4421875 0.015625 0.01484375
0 0.3828125 0.41640625 0.0125 0.0109375
0 0.4859375 0.46484375 0.021875 0.01953125
0 0.425 0.46875 0.03046875 0.01953125
0 0.43828125 0.45546875 0.01796875 0.021875
0 0.3328125 0.47421875 0.01640625 0.02109375
0 0.35625 0.41796875 0.01328125 0.01015625
0 0.3734375 0.503125 0.02265625 0.02578125
0 0.46953125 0.45 0.0140625 0.01328125
0 0.125 0.56328125 0.01328125 0.034375