0 0.4078125 0.55234375 0.0734375 0.10234375
0 0.3375 0.5234375 0.03828125 0.053125
0 0.290625 0.54765625 0.07578125 0.0875
0 0.55703125 0.54765625 0.1 0.14140625
0 0.48515625 0.53046875 0.04921875 0.065625
0 0.459375 0.52109375 0.02265625 0.04140625
0 0.109375 0.609375 0.21640625 0.25390625
0 0.865625 0.70703125 0.2609375 0.41796875
0 0.36328125 0.51328125 0.01953125 0.0265625
0 0.25703125 0.51640625 0.0125 0.0140625
0 0.19296875 0.5171875 0.03046875 0.0328125
0 0.3328125 0.4953125 0.02265625 0.01875