0 0.48359375 0.4703125 0.0828125 0.1484375
0 0.78671875 0.50625 0.2578125 0.3015625
0 0.31640625 0.51796875 0.13046875 0.20390625
0 0.40625 0.46953125 0.06171875 0.08359375
0 0.57734375 0.4640625 0.05390625 0.075
0 0.94921875 0.4359375 0.0984375 0.10234375
0 0.61953125 0.4515625 0.04453125 0.05703125
0 0.59765625 0.41484375 0.03359375 0.03515625
0 0.45 0.41328125 0.03125 0.04765625
0 0.96171875 0.39140625 0.01640625 0.01328125
0 0.26484375 0.53515625 0.03515625 0.13671875
0 0.50625 0.42265625 0.034375 0.059375
0 0.546875 0.3734375 0.01484375 0.0234375
0 0.37421875 0.434375 0.0390625 0.0625
0 0.98671875 0.3890625 0.0203125 0.015625
0 0.5515625 0.44765625 0.0328125 0.05546875
0 0.5265625 0.38984375 0.021875 0.03203125
0 0.61015625 0.43046875 0.03359375 0.0375
0 0.575 0.403125 0.02421875 0.0359375
0 0.56171875 0.390625 0.0203125 0.03671875
0 0.5359375 0.365625 0.0140625 0.02421875
0 0.50703125 0.3875 0.015625 0.0234375
0 0.3484375 0.3984375 0.03125 0.03515625
0 0.4328125 0.3890625 0.02109375 0.0265625
0 0.38515625 0.4015625 0.0265625 0.025
0 0.5140625 0.36015625 0.0140625 0.02265625
0 0.4359375 0.3734375 0.015625 0.02109375
0 0.94375 0.409375 0.053125 0.0421875
0 0.4546875 0.35859375 0.0171875 0.01953125
0 0.484375 0.35625 0.01171875 0.01796875
0 0.58515625 0.38515625 0.01171875 0.0140625
0 0.5296875 0.36015625 0.0140625 0.0203125
0 0.49453125 0.38515625 0.01796875 0.025
0 0.49453125 0.39609375 0.02421875 0.01953125
0 0.47421875 0.3921875 0.0359375 0.025
0 0.49453125 0.35546875 0.0125 0.0171875
0 0.453125 0.375 0.0203125 0.025
0 0.40703125 0.39375 0.02578125 0.02578125