0 0.621875 0.5453125 0.17421875 0.090625
0 0.3828125 0.534375 0.01171875 0.0140625
0 0.39453125 0.534375 0.0171875 0.01328125
0 0.365625 0.53125 0.00859375 0.0125
0 0.49375 0.53671875 0.01484375 0.01953125
0 0.5109375 0.534375 0.01875 0.01875
0 0.4125 0.53359375 0.01171875 0.01171875
0 0.1609375 0.5625 0.153125 0.07890625
0 0.52578125 0.5359375 0.0234375 0.015625
0 0.4453125 0.5328125 0.02734375 0.015625
0 0.4234375 0.534375 0.0171875 0.01484375
0 0.5453125 0.53359375 0.01640625 0.0171875
0 0.43828125 0.5375 0.0078125 0.01015625
0 0.121875 0.53359375 0.021875 0.028125