0 0.78046875 0.7578125 0.23984375 0.23671875
0 0.446875 0.690625 0.02109375 0.04921875
0 0.35546875 0.68515625 0.01015625 0.015625
0 0.46640625 0.69375 0.02421875 0.05390625
0 0.384375 0.6828125 0.01328125 0.01953125
0 0.63828125 0.70390625 0.11953125 0.14921875
0 0.325 0.6984375 0.03125 0.04375
0 0.2953125 0.690625 0.0375 0.0375
0 0.39453125 0.68515625 0.0109375 0.02109375
0 0.3671875 0.6859375 0.0171875 0.0203125
0 0.34921875 0.67734375 0.00859375 0.0171875
0 0.28046875 0.69375 0.02265625 0.0265625
0 0.3375 0.68515625 0.01015625 0.01953125
0 0.43359375 0.68671875 0.01484375 0.040625
0 0.36953125 0.6703125 0.0125 0.01484375
0 0.24765625 0.67734375 0.01796875 0.0234375