0 0.971875 0.64765625 0.05546875 0.053125
0 0.4375 0.62734375 0.0078125 0.00859375
0 0.59375 0.63984375 0.01171875 0.00859375
0 0.51640625 0.66484375 0.0484375 0.0625
0 0.528125 0.63984375 0.0171875 0.01171875
0 0.46328125 0.65 0.02421875 0.0375
0 0.48515625 0.659375 0.03671875 0.04453125
0 0.7359375 0.63515625 0.053125 0.034375
0 0.64375 0.63359375 0.02890625 0.02265625
0 0.71796875 0.6359375 0.02265625 0.025
0 0.4203125 0.625 0.00703125 0.009375
0 0.83671875 0.6453125 0.06640625 0.0359375
0 0.77578125 0.6390625 0.02890625 0.02890625
0 0.6859375 0.6359375 0.0328125 0.025
0 0.66328125 0.634375 0.01953125 0.02421875
0 0.703125 0.63515625 0.02578125 0.02265625
0 0.55546875 0.63984375 0.0125 0.01015625
0 0.8296875 0.63515625 0.02734375 0.01484375
0 0.42578125 0.62890625 0.01328125 0.015625
0 0.9796875 0.63359375 0.040625 0.021875
0 0.58125 0.6390625 0.0125 0.0109375