0 0.34296875 0.546875 0.05 0.07265625
0 0.4234375 0.54765625 0.04140625 0.053125
0 0.46875 0.5578125 0.059375 0.07421875
0 0.2015625 0.53984375 0.015625 0.03046875
0 0.27578125 0.534375 0.015625 0.025
0 0.24375 0.53359375 0.03203125 0.0453125
0 0.40234375 0.54140625 0.034375 0.0484375
0 0.38828125 0.540625 0.021875 0.03828125
0 0.1203125 0.5453125 0.0265625 0.06328125
0 0.15234375 0.54453125 0.025 0.05
0 0.3140625 0.53515625 0.01171875 0.02421875
0 0.30390625 0.53203125 0.0140625 0.02578125
0 0.8609375 0.5578125 0.10078125 0.07734375
0 0.37109375 0.52109375 0.01875 0.01640625
0 0.1703125 0.540625 0.0234375 0.046875
0 0.309375 0.52578125 0.00859375 0.015625
0 0.9046875 0.621875 0.190625 0.2625
0 0.0640625 0.5375 0.08359375 0.13515625
0 0.28828125 0.5359375 0.00859375 0.0171875
0 0.13828125 0.55 0.01953125 0.05078125
0 0.1828125 0.52421875 0.0140625 0.01953125