0 0.6234375 0.6171875 0.23984375 0.2125
0 0.63203125 0.55546875 0.021875 0.0328125
0 0.24765625 0.55 0.05234375 0.06953125
0 0.6546875 0.559375 0.02265625 0.03046875
0 0.18515625 0.4703125 0.05859375 0.04375
0 0.8734375 0.58359375 0.23125 0.1484375
0 0.7171875 0.69296875 0.53828125 0.415625
0 0.4515625 0.54375 0.07890625 0.0859375
0 0.50625 0.5609375 0.078125 0.0890625
0 0.1078125 0.50390625 0.18359375 0.08125
0 0.278125 0.6953125 0.35 0.46171875
0 0.059375 0.496875 0.05078125 0.065625
0 0.0390625 0.51484375 0.01015625 0.02265625
0 0.76953125 0.565625 0.0578125 0.096875
0 0.41953125 0.521875 0.015625 0.02265625
0 0.234375 0.4875 0.05859375 0.01875
0 0.11796875 0.490625 0.00859375 0.0109375
0 0.0296875 0.490625 0.0109375 0.02734375
0 0.23125 0.4765625 0.0578125 0.015625
0 0.659375 0.5203125 0.03359375 0.01640625
0 0.0796875 0.4921875 0.00625 0.01015625
0 0.3578125 0.55859375 0.04140625 0.05703125
0 0.046875 0.490625 0.0078125 0.01171875
0 0.40234375 0.540625 0.0453125 0.103125
0 0.61015625 0.5515625 0.02578125 0.0390625
0 0.61015625 0.50703125 0.040625 0.01875
0 0.1171875 0.49765625 0.00703125 0.0109375
0 0.71484375 0.565625 0.096875 0.15078125