0 0.5578125 0.5109375 0.00859375 0.01484375
0 0.56875 0.51015625 0.01015625 0.01796875
0 0.5421875 0.509375 0.0109375 0.0140625
0 0.53359375 0.5109375 0.0109375 0.01796875
0 0.425 0.5109375 0.03828125 0.0890625
0 0.46484375 0.521875 0.02265625 0.04921875
0 0.51875 0.5125 0.0140625 0.0234375
0 0.59453125 0.5171875 0.02265625 0.053125
0 0.6046875 0.5296875 0.01953125 0.05625
0 0.509375 0.51328125 0.01640625 0.02890625
0 0.38359375 0.528125 0.08046875 0.10703125
0 0.5734375 0.5125 0.015625 0.03359375
0 0.6390625 0.5375 0.06640625 0.0890625