0 0.51015625 0.50859375 0.0765625 0.11484375
0 0.44375 0.4671875 0.0203125 0.03984375
0 0.46640625 0.4859375 0.03515625 0.07578125
0 0.425 0.4671875 0.021875 0.034375
0 0.41171875 0.45625 0.0109375 0.02109375
0 0.37734375 0.459375 0.015625 0.0328125
0 0.33359375 0.47109375 0.03359375 0.05625
0 0.39140625 0.4578125 0.0140625 0.025
0 0.45390625 0.4796875 0.01796875 0.05546875
0 0.35703125 0.46640625 0.0234375 0.0390625
0 0.36015625 0.45390625 0.028125 0.03046875
0 0.27578125 0.459375 0.09140625 0.12265625