0 0.4609375 0.50703125 0.0921875 0.13515625
0 0.64453125 0.4078125 0.1796875 0.31171875
0 0.36953125 0.490625 0.06640625 0.084375
0 0.29765625 0.46015625 0.028125 0.028125
0 0.15546875 0.4640625 0.071875 0.03203125
0 0.3453125 0.45859375 0.01875 0.025
0 0.32890625 0.459375 0.021875 0.0265625
0 0.896875 0.475 0.0421875 0.04453125
0 0.42734375 0.4703125 0.0234375 0.05
0 0.37109375 0.4453125 0.0125 0.01640625
0 0.359375 0.4546875 0.0140625 0.01796875
0 0.3953125 0.4671875 0.0359375 0.07578125
0 0.428125 0.44765625 0.0203125 0.0484375
0 0.3234375 0.4328125 0.009375 0.0234375
0 0.3453125 0.440625 0.01953125 0.0390625