0 0.53671875 0.6578125 0.02578125 0.0328125
0 0.59375 0.66875 0.04453125 0.07109375
0 0.79375 0.7 0.13125 0.209375
0 0.55 0.6578125 0.0203125 0.028125
0 0.67109375 0.6734375 0.02578125 0.08515625
0 0.6265625 0.6625 0.021875 0.0453125
0 0.56484375 0.6625 0.01796875 0.03046875
0 0.69375 0.6796875 0.0546875 0.1234375
0 0.73125 0.68359375 0.05859375 0.1390625
0 0.903125 0.75078125 0.19375 0.3328125
0 0.64921875 0.659375 0.03203125 0.06015625
0 0.734375 0.63984375 0.03671875 0.0453125
0 0.578125 0.671875 0.01328125 0.05625