0 0.221875 0.45390625 0.11953125 0.11953125
0 0.32421875 0.41796875 0.05859375 0.07578125
0 0.16640625 0.4484375 0.05390625 0.08359375
0 0.13828125 0.45859375 0.0453125 0.078125
0 0.36796875 0.40625 0.028125 0.04140625
0 0.38828125 0.40078125 0.02109375 0.03359375
0 0.28828125 0.42265625 0.0203125 0.0421875
0 0.440625 0.39296875 0.0125 0.01484375
0 0.71171875 0.39609375 0.08125 0.071875
0 0.425 0.39453125 0.0140625 0.0171875
0 0.45390625 0.39140625 0.015625 0.01875
0 0.4078125 0.396875 0.015625 0.02109375
0 0.63671875 0.39140625 0.065625 0.0765625
0 0.81484375 0.38203125 0.11171875 0.096875
0 0.27421875 0.425 0.01796875 0.04296875
0 0.478125 0.37890625 0.03125 0.0625
0 0.06640625 0.40078125 0.1328125 0.26484375
2 0.94140625 0.421875 0.1171875 0.115625