0 0.34765625 0.571875 0.01796875 0.03671875
0 0.2265625 0.57890625 0.05390625 0.0875
0 0.51328125 0.575 0.02890625 0.05078125
0 0.2890625 0.5765625 0.03203125 0.05390625
0 0.55 0.58671875 0.06171875 0.071875
0 0.3796875 0.575 0.01640625 0.02265625
0 0.365625 0.57578125 0.015625 0.0234375
0 0.2703125 0.57890625 0.028125 0.0671875
0 0.4078125 0.57265625 0.01640625 0.021875
0 0.47578125 0.56953125 0.0234375 0.03046875
0 0.4 0.5734375 0.0140625 0.0203125
0 0.44140625 0.56953125 0.01953125 0.0296875
0 0.69375 0.60859375 0.14765625 0.1828125
0 0.171875 0.5890625 0.090625 0.10546875
0 0.85234375 0.6890625 0.28671875 0.30546875
0 0.3203125 0.5765625 0.03828125 0.04453125
0 0.42421875 0.571875 0.01484375 0.02265625