0 0.68359375 0.33515625 0.08203125 0.1171875
0 0.503125 0.29765625 0.0265625 0.0390625
0 0.44453125 0.32421875 0.040625 0.0609375
0 0.3828125 0.34375 0.06171875 0.090625
0 0.5375 0.2890625 0.0203125 0.025
0 0.41796875 0.3328125 0.03984375 0.06796875
0 0.575 0.29765625 0.02734375 0.04765625
0 0.4859375 0.3015625 0.0203125 0.05078125
0 0.31953125 0.3625 0.1046875 0.11953125
0 0.465625 0.31328125 0.03125 0.05625
0 0.6265625 0.30546875 0.02109375 0.04765625
0 0.10234375 0.43125 0.20390625 0.26171875
0 0.60234375 0.2875 0.0125 0.03046875
0 0.6609375 0.29609375 0.05078125 0.07421875