0 0.5640625 0.54375 0.08671875 0.10234375
0 0.5109375 0.52890625 0.05078125 0.09296875
0 0.45234375 0.496875 0.01796875 0.03984375
0 0.4875 0.50703125 0.034375 0.06328125
0 0.32734375 0.48984375 0.0671875 0.1
0 0.46484375 0.50234375 0.025 0.05
0 0.4453125 0.49140625 0.01328125 0.028125
0 0.38359375 0.49140625 0.03125 0.0453125
0 0.41328125 0.48203125 0.01171875 0.01640625
0 0.43671875 0.48671875 0.01171875 0.01953125
0 0.41875 0.48671875 0.00859375 0.01640625
0 0.45625 0.4765625 0.009375 0.0171875
0 0.39765625 0.46875 0.00859375 0.0171875
0 0.5421875 0.5515625 0.0328125 0.07734375