0 0.37578125 0.55625 0.03515625 0.0390625
3 0.56328125 0.5640625 0.01640625 0.08046875
3 0.553125 0.55390625 0.00859375 0.059375
3 0.7609375 0.57578125 0.0234375 0.1234375
0 0.39296875 0.54921875 0.01875 0.03203125
0 0.23515625 0.503125 0.07109375 0.1
3 0.02578125 0.56875 0.0125 0.07578125
3 0.01015625 0.56484375 0.015625 0.07109375
3 0.0390625 0.5640625 0.0125 0.046875
3 0.0515625 0.56015625 0.01796875 0.0578125
3 0.065625 0.57734375 0.01171875 0.10234375
3 0.1625 0.565625 0.01328125 0.06796875
3 0.1765625 0.55625 0.0125 0.046875
3 0.52421875 0.5515625 0.01015625 0.065625
3 0.50625 0.54765625 0.0109375 0.04296875
3 0.1796875 0.565625 0.01484375 0.05390625
3 0.4984375 0.54921875 0.00703125 0.028125
3 0.490625 0.54609375 0.00625 0.028125
3 0.45546875 0.54609375 0.00703125 0.0265625
3 0.4703125 0.546875 0.00703125 0.02578125
3 0.5171875 0.5484375 0.00703125 0.034375
3 0.1796875 0.54765625 0.009375 0.025
0 0.21875 0.590625 0.1 0.12265625
0 0.29765625 0.5734375 0.06328125 0.0828125
3 0.41875 0.5515625 0.00859375 0.01953125
3 0.41015625 0.55078125 0.00625 0.02109375
3 0.06171875 0.565625 0.01171875 0.07109375
3 0.44609375 0.54609375 0.0078125 0.028125
3 0.4421875 0.54921875 0.00625 0.02109375
3 0.15078125 0.56171875 0.0125 0.04765625
0 0.3328125 0.54921875 0.0125 0.03359375
3 0.46484375 0.546875 0.00703125 0.021875
3 0.18515625 0.55625 0.0140625 0.03046875
3 0.7765625 0.60234375 0.04765625 0.18359375
0 0.35 0.53203125 0.02421875 0.071875