0 0.45546875 0.5734375 0.13125 0.18671875
0 0.4 0.5015625 0.0375 0.05859375
0 0.4046875 0.4828125 0.028125 0.02734375
0 0.44765625 0.47734375 0.01640625 0.01484375
0 0.3828125 0.48984375 0.01484375 0.03125
0 0.525 0.50859375 0.01484375 0.02265625
0 0.5078125 0.50234375 0.02109375 0.025
0 0.5015625 0.4875 0.02109375 0.02734375
0 0.478125 0.47265625 0.00625 0.01484375
0 0.58125 0.540625 0.0390625 0.0421875
0 0.428125 0.49296875 0.03671875 0.0296875
0 0.56328125 0.51328125 0.0109375 0.01953125
0 0.496875 0.4875 0.00703125 0.01953125
0 0.5453125 0.51171875 0.0125 0.028125
0 0.60859375 0.54609375 0.021875 0.08984375
0 0.44765625 0.459375 0.00625 0.01015625
3 0.3109375 0.49375 0.01171875 0.04453125
0 0.62265625 0.5046875 0.078125 0.1921875
0 0.7375 0.52578125 0.17890625 0.26171875
0 0.65546875 0.3578125 0.0046875 0.01015625
0 0.2296875 0.51328125 0.11953125 0.16484375
0 0.21953125 0.4484375 0.10625 0.12734375
3 0.83984375 0.5890625 0.03046875 0.190625