0 0.61015625 0.61875 0.13359375 0.18125
0 0.36953125 0.61640625 0.0265625 0.0796875
0 0.46328125 0.6390625 0.08671875 0.15234375
0 0.11875 0.7859375 0.23125 0.4203125
0 0.5171875 0.5984375 0.0515625 0.10546875
0 0.38671875 0.61328125 0.0171875 0.0375
0 0.2671875 0.65859375 0.16015625 0.240625
0 0.41484375 0.62578125 0.059375 0.109375
0 0.728125 0.57734375 0.015625 0.07265625
0 0.4765625 0.575 0.009375 0.02265625
0 0.08046875 0.58125 0.0359375 0.0140625
0 0.4859375 0.5828125 0.01484375 0.0171875
0 0.1828125 0.63046875 0.0296875 0.05703125
0 0.44609375 0.575 0.00859375 0.02265625
0 0.40078125 0.56875 0.0078125 0.01484375