0 0.64375 0.525 0.0265625 0.05078125
0 0.24375 0.54140625 0.07734375 0.0765625
0 0.5015625 0.5125 0.0109375 0.015625
0 0.37265625 0.5296875 0.05546875 0.078125
0 0.55703125 0.51171875 0.01328125 0.02890625
0 0.70546875 0.53828125 0.0625 0.06875
0 0.80390625 0.55390625 0.12265625 0.1078125
0 0.66796875 0.52578125 0.03203125 0.065625
0 0.5375 0.51015625 0.0109375 0.025
0 0.303125 0.54140625 0.04609375 0.0484375
0 0.5484375 0.51328125 0.00859375 0.02109375
0 0.48359375 0.5125 0.0109375 0.01484375
0 0.45078125 0.51640625 0.01796875 0.02109375
0 0.3484375 0.5140625 0.0078125 0.01796875
0 0.2671875 0.51796875 0.0265625 0.03203125
0 0.51328125 0.51015625 0.01015625 0.0203125
0 0.0390625 0.55625 0.078125 0.17109375
0 0.984375 0.6375 0.03046875 0.11875
3 0.14375 0.54296875 0.01796875 0.08984375
0 0.4953125 0.5046875 0.00859375 0.0265625
0 0.50859375 0.5140625 0.01015625 0.0140625
0 0.59140625 0.48125 0.07265625 0.17265625
0 0.525 0.515625 0.0234375 0.03984375