0 0.3953125 0.52890625 0.128125 0.1609375
0 0.4796875 0.4703125 0.02421875 0.0140625
0 0.51640625 0.4703125 0.01953125 0.01328125
0 0.3515625 0.46640625 0.0140625 0.0125
0 0.240625 0.4640625 0.015625 0.0125
0 0.27421875 0.46328125 0.0125 0.0109375
0 0.53046875 0.4703125 0.01328125 0.01328125
0 0.19609375 0.46328125 0.01484375 0.015625
0 0.334375 0.4640625 0.02109375 0.01328125
0 0.146875 0.46328125 0.01796875 0.0171875
0 0.2984375 0.46328125 0.0234375 0.0125
0 0.5953125 0.48125 0.02890625 0.01875
0 0.290625 0.46328125 0.009375 0.01015625
0 0.45234375 0.46796875 0.0234375 0.01484375
0 0.1796875 0.46328125 0.0171875 0.01328125
0 0.31875 0.4640625 0.01640625 0.0125
0 0.21484375 0.46328125 0.01640625 0.015625
0 0.259375 0.46328125 0.021875 0.0125