0 0.78359375 0.5359375 0.43125 0.54296875
0 0.42265625 0.45078125 0.09453125 0.1546875
0 0.3296875 0.53671875 0.20703125 0.275
0 0.12890625 0.503125 0.25625 0.28125
0 0.40703125 0.37421875 0.03203125 0.01796875
0 0.20625 0.42109375 0.02734375 0.04140625
0 0.5515625 0.465625 0.065625 0.146875
0 0.43671875 0.3625 0.00859375 0.01484375
0 0.4890625 0.39296875 0.00859375 0.01640625
0 0.3796875 0.39375 0.01328125 0.015625
0 0.5328125 0.38125 0.009375 0.0171875
0 0.88359375 0.40234375 0.0546875 0.08671875
0 0.5328125 0.42890625 0.05078125 0.08203125
0 0.46484375 0.40625 0.01171875 0.021875
0 0.428125 0.36875 0.0109375 0.009375
0 0.37890625 0.38125 0.01953125 0.021875
0 0.60859375 0.3765625 0.0375 0.09609375
0 0.4109375 0.40859375 0.01484375 0.02421875