0 0.38671875 0.471875 0.01328125 0.01796875
0 0.4125 0.475 0.01328125 0.02265625
0 0.421875 0.4765625 0.02265625 0.025
0 0.0515625 0.46171875 0.05625 0.05
0 0.47109375 0.49375 0.05703125 0.071875
0 0.340625 0.475 0.01953125 0.025
0 0.4328125 0.46875 0.0203125 0.01875
0 0.87421875 0.7046875 0.2453125 0.42421875
3 0.6546875 0.48203125 0.01171875 0.05390625
0 0.321875 0.47421875 0.0265625 0.03203125
0 0.45234375 0.46640625 0.02734375 0.040625
0 0.18671875 0.4640625 0.034375 0.04375
3 0.82578125 0.49765625 0.02421875 0.12890625
0 0.0203125 0.4703125 0.03828125 0.0484375
0 0.30078125 0.4734375 0.02109375 0.03046875
0 0.37109375 0.46875 0.0125 0.0234375
0 0.221875 0.46015625 0.01875 0.02734375
0 0.32109375 0.46015625 0.0125 0.0125
0 0.4796875 0.47109375 0.03203125 0.0328125
3 0.7234375 0.49140625 0.02109375 0.09453125
0 0.35390625 0.47890625 0.0109375 0.0203125
0 0.509375 0.453125 0.01640625 0.01484375
3 0.5484375 0.4875 0.01015625 0.0390625