0 0.9 0.53046875 0.15078125 0.12421875
0 0.7203125 0.50703125 0.0703125 0.075
0 0.67109375 0.4984375 0.0671875 0.06640625
0 0.14375 0.46953125 0.0390625 0.03359375
0 0.63515625 0.49375 0.0421875 0.0546875
0 0.68984375 0.4765625 0.025 0.02265625
0 0.48359375 0.4828125 0.02265625 0.04609375
0 0.5953125 0.48671875 0.0375 0.0484375
0 0.79453125 0.51328125 0.1234375 0.103125
0 0.509375 0.4890625 0.04921875 0.06328125
0 0.08125 0.46953125 0.00859375 0.015625
0 0.1234375 0.4625 0.01484375 0.01875
0 0.20703125 0.47421875 0.04296875 0.0390625
0 0.090625 0.4703125 0.03046875 0.02421875
0 0.621875 0.475 0.021875 0.0203125
0 0.17421875 0.46640625 0.01796875 0.01953125
0 0.81171875 0.48046875 0.02265625 0.0171875
0 0.5765625 0.47734375 0.0140625 0.0234375
0 0.7828125 0.48359375 0.01640625 0.01640625
0 0.4703125 0.453125 0.00625 0.0109375
0 0.3828125 0.4640625 0.00859375 0.0140625
0 0.58203125 0.4890625 0.01875 0.03828125
0 0.01796875 0.47578125 0.03515625 0.05859375
0 0.93828125 0.49921875 0.090625 0.05703125
0 0.4484375 0.4453125 0.01328125 0.01171875
0 0.82890625 0.48203125 0.04296875 0.01953125
0 0.975 0.54765625 0.05 0.1578125
0 0.4328125 0.525 0.10859375 0.15078125