3 0.75390625 0.625 0.04765625 0.15625
3 0.6234375 0.6015625 0.00859375 0.05
3 0.875 0.6078125 0.0359375 0.20859375
0 0.4765625 0.60625 0.01484375 0.01875
0 0.56171875 0.6140625 0.04765625 0.06875
0 0.54296875 0.60859375 0.02734375 0.05546875
0 0.5265625 0.603125 0.0171875 0.03203125
0 0.4578125 0.60703125 0.0078125 0.01640625
0 0.43671875 0.60859375 0.01796875 0.0203125
0 0.49453125 0.60234375 0.0171875 0.02421875
0 0.51328125 0.60390625 0.01015625 0.01875
0 0.421875 0.60859375 0.01171875 0.02109375
0 0.22578125 0.6296875 0.0515625 0.059375
0 0.34765625 0.6203125 0.04765625 0.06484375
0 0.04140625 0.6484375 0.0828125 0.26875
0 0.38046875 0.6171875 0.034375 0.0453125
0 0.29609375 0.6328125 0.08515625 0.08984375
3 0.2 0.62421875 0.01875 0.08671875
0 0.040625 0.590625 0.01875 0.04453125
0 0.44921875 0.60859375 0.009375 0.01796875
3 0.60703125 0.603125 0.0109375 0.0515625
0 0.41640625 0.61171875 0.009375 0.02890625
0 0.175 0.61171875 0.01328125 0.04609375
0 0.18203125 0.60859375 0.0140625 0.0484375
0 0.06875 0.6171875 0.0515625 0.04140625
0 0.3203125 0.6015625 0.01171875 0.0203125
0 0.3609375 0.6015625 0.01015625 0.01953125
0 0.26484375 0.60859375 0.01015625 0.01875
0 0.98125 0.628125 0.03125 0.153125
0 0.24296875 0.60234375 0.009375 0.0203125
0 0.50859375 0.6 0.0109375 0.02109375
0 0.3765625 0.59296875 0.00859375 0.01953125
0 0.17421875 0.6484375 0.01484375 0.06015625
3 0.6234375 0.584375 0.00625 0.0140625
0 0.38515625 0.59140625 0.00703125 0.01640625
0 0.69609375 0.5890625 0.02890625 0.06796875
3 0.68203125 0.5875 0.0125 0.1125
3 0.61640625 0.6109375 0.00859375 0.028125
3 0.64140625 0.3484375 0.0265625 0.09765625
3 0.84765625 0.61640625 0.01875 0.08671875