0 0.29296875 0.54765625 0.0890625 0.1078125
0 0.3890625 0.51640625 0.02421875 0.03984375
3 0.12421875 0.528125 0.0234375 0.13515625
3 0.1515625 0.5296875 0.03359375 0.14140625
3 0.89765625 0.5015625 0.09296875 0.44609375
3 0.08984375 0.5421875 0.02265625 0.14140625
0 0.37734375 0.52265625 0.01953125 0.0515625
3 0.35859375 0.5234375 0.01875 0.1140625
3 0.2328125 0.515625 0.0171875 0.07578125
3 0.52421875 0.50078125 0.0125 0.05390625
3 0.5328125 0.49921875 0.0109375 0.0546875
3 0.21640625 0.51796875 0.0203125 0.09453125
3 0.5078125 0.49921875 0.009375 0.04453125
3 0.54140625 0.50078125 0.01171875 0.0546875
3 0.42890625 0.50703125 0.0125 0.0421875
3 0.49296875 0.503125 0.00859375 0.04140625
3 0.2546875 0.5109375 0.01484375 0.0453125