0 0.50625 0.5046875 0.0453125 0.0734375
0 0.48046875 0.49296875 0.021875 0.04375
0 0.2828125 0.49375 0.0359375 0.059375
0 0.228125 0.50390625 0.0671875 0.0828125
0 0.440625 0.478125 0.0171875 0.0265625
0 0.65546875 0.54921875 0.1421875 0.18828125
0 0.14921875 0.52578125 0.1140625 0.10546875
0 0.54921875 0.51640625 0.0796875 0.1125
0 0.45859375 0.48359375 0.025 0.034375
0 0.32421875 0.48984375 0.02890625 0.034375
0 0.778125 0.6359375 0.2265625 0.26875
0 0.35703125 0.4796875 0.0265625 0.02890625
0 0.384375 0.4703125 0.0234375 0.025
0 0.53046875 0.4671875 0.01953125 0.0171875
0 0.425 0.471875 0.0125 0.01796875
0 0.340625 0.4828125 0.021875 0.028125
0 0.4109375 0.46875 0.01796875 0.01953125
0 0.91796875 0.60703125 0.16328125 0.29296875