0 0.525 0.38984375 0.046875 0.06953125
0 0.603125 0.4078125 0.12265625 0.1625
0 0.496875 0.38359375 0.0234375 0.0421875
0 0.4515625 0.39453125 0.0375 0.05390625
0 0.70625 0.41875 0.090625 0.096875
0 0.5 0.36875 0.015625 0.015625
0 0.48046875 0.38203125 0.015625 0.02734375
0 0.365625 0.3640625 0.02734375 0.015625
0 0.49140625 0.3625 0.01484375 0.02734375
0 0.2265625 0.36328125 0.046875 0.0265625
0 0.13203125 0.36171875 0.06171875 0.0265625
0 0.678125 0.3921875 0.0109375 0.01875
0 0.553125 0.375 0.01796875 0.02109375
0 0.45859375 0.365625 0.01328125 0.01875
0 0.5296875 0.36328125 0.03046875 0.01640625