0 0.86171875 0.54765625 0.240625 0.24921875
0 0.94296875 0.53984375 0.1140625 0.2984375
0 0.0578125 0.53046875 0.115625 0.2453125
0 0.15234375 0.50859375 0.115625 0.15546875
0 0.23671875 0.49140625 0.1015625 0.11015625
0 0.30390625 0.4859375 0.05078125 0.07421875
0 0.33828125 0.459375 0.03203125 0.08203125
0 0.3625 0.47578125 0.02109375 0.04609375
0 0.6328125 0.496875 0.096875 0.1234375
0 0.3796875 0.471875 0.01640625 0.03671875
0 0.5703125 0.4875 0.04765625 0.06796875
0 0.39453125 0.46875 0.015625 0.02734375
0 0.43125 0.4703125 0.0171875 0.021875
0 0.4734375 0.46953125 0.015625 0.021875
0 0.4921875 0.46875 0.015625 0.02421875
0 0.44296875 0.46875 0.0125 0.0171875
0 0.53984375 0.47734375 0.04375 0.05390625
0 0.5015625 0.4671875 0.02421875 0.03515625
0 0.52265625 0.46953125 0.02890625 0.04296875
0 0.59765625 0.49609375 0.0375 0.0765625
0 0.81015625 0.49921875 0.2921875 0.20546875