0 0.6359375 0.5125 0.0640625 0.0703125
0 0.18359375 0.50859375 0.0953125 0.08671875
0 0.50078125 0.58203125 0.18046875 0.28671875
0 0.346875 0.46640625 0.02578125 0.021875
0 0.31015625 0.50234375 0.0703125 0.071875
0 0.41171875 0.4671875 0.02734375 0.03125
0 0.2671875 0.4984375 0.05078125 0.06328125
0 0.11796875 0.70859375 0.2359375 0.57265625
0 0.60859375 0.50390625 0.0265625 0.06015625
0 0.5578125 0.45078125 0.01640625 0.0171875
0 0.11640625 0.4671875 0.05859375 0.04765625
0 0.85390625 0.61484375 0.2859375 0.36640625
0 0.2515625 0.47890625 0.0109375 0.0234375
0 0.4609375 0.44765625 0.015625 0.01953125
0 0.23515625 0.48125 0.01484375 0.03515625
0 0.56796875 0.47109375 0.0109375 0.0265625
0 0.3671875 0.4734375 0.03515625 0.034375
0 0.29296875 0.47421875 0.0109375 0.0140625
0 0.11796875 0.51796875 0.0609375 0.07890625
0 0.3390625 0.4734375 0.01015625 0.0140625
0 0.1703125 0.46015625 0.059375 0.0484375
0 0.328125 0.48125 0.03671875 0.02734375
0 0.590625 0.48125 0.0109375 0.02421875
3 0.70390625 0.53203125 0.02890625 0.1109375
3 0.88828125 0.4890625 0.02421875 0.065625
3 0.7921875 0.48046875 0.028125 0.06328125
3 0.934375 0.50078125 0.03203125 0.096875
3 0.978125 0.53359375 0.0390625 0.1703125