0 0.4 0.40390625 0.0640625 0.10625
0 0.27265625 0.4015625 0.0234375 0.03046875
0 0.2171875 0.4046875 0.02578125 0.025
0 0.3 0.4 0.0203125 0.02265625
0 0.35 0.4046875 0.03359375 0.04453125
0 0.709375 0.47421875 0.2421875 0.2546875
0 0.1515625 0.4078125 0.03046875 0.040625
0 0.0265625 0.42578125 0.05234375 0.05234375
0 0.1125 0.4328125 0.0734375 0.08046875
0 0.70625 0.41171875 0.02265625 0.03203125
0 0.33828125 0.39140625 0.00859375 0.01484375
0 0.1140625 0.39140625 0.0125 0.009375
0 0.67890625 0.40625 0.040625 0.03828125
0 0.4296875 0.375 0.00625 0.01171875
0 0.22265625 0.3921875 0.009375 0.0171875
0 0.13671875 0.41171875 0.0171875 0.0234375
0 0.76171875 0.3953125 0.015625 0.02109375
0 0.44296875 0.39296875 0.03359375 0.07578125