0 0.42578125 0.45234375 0.1125 0.15703125
0 0.1359375 0.44609375 0.125 0.1125
0 0.3359375 0.41328125 0.06484375 0.09609375
0 0.3515625 0.36953125 0.01328125 0.01484375
0 0.0703125 0.4125 0.07265625 0.065625
0 0.465625 0.3953125 0.00625 0.0140625
3 0.634375 0.36875 0.01484375 0.04375
3 0.53125 0.3984375 0.0109375 0.04765625
3 0.5484375 0.403125 0.01484375 0.06328125
3 0.565625 0.4015625 0.01015625 0.0453125
3 0.58046875 0.409375 0.015625 0.0375
0 0.790625 0.4546875 0.41875 0.39296875
0 0.028125 0.415625 0.04453125 0.08125
0 0.2890625 0.3984375 0.046875 0.09140625
3 0.2421875 0.4046875 0.01796875 0.0796875