0 0.6078125 0.446875 0.05234375 0.090625
0 0.66875 0.4546875 0.07578125 0.128125
0 0.4796875 0.41484375 0.0171875 0.034375
0 0.42890625 0.4046875 0.01875 0.02734375
0 0.55 0.428125 0.04765625 0.0734375
0 0.8046875 0.4625 0.2328125 0.22265625
0 0.45625 0.41015625 0.01328125 0.02734375
0 0.5171875 0.41953125 0.03671875 0.05625
0 0.48984375 0.4171875 0.02109375 0.0421875
0 0.340625 0.4171875 0.03203125 0.0375
0 0.36875 0.40546875 0.01953125 0.04453125
0 0.57265625 0.43828125 0.04140625 0.07890625
0 0.3234375 0.41796875 0.01171875 0.02578125
0 0.40703125 0.403125 0.0328125 0.05625
0 0.7484375 0.390625 0.040625 0.059375
0 0.68515625 0.4125 0.046875 0.04140625
0 0.39765625 0.40625 0.01484375 0.028125
0 0.70859375 0.46796875 0.06328125 0.1515625