0 0.228125 0.321875 0.1 0.10078125
0 0.4703125 0.4234375 0.10859375 0.16328125
0 0.30546875 0.36796875 0.08515625 0.09921875
3 0.69296875 0.43828125 0.021875 0.1390625
3 0.715625 0.4515625 0.02421875 0.13828125
3 0.75390625 0.4515625 0.0234375 0.13359375
3 0.8140625 0.46796875 0.1 0.184375
3 0.771875 0.45546875 0.0296875 0.146875
3 0.8625 0.4703125 0.028125 0.12109375
3 0.16796875 0.34140625 0.02578125 0.14296875
3 0.06640625 0.31171875 0.0296875 0.146875
3 0.53203125 0.3953125 0.0109375 0.05390625
3 0.2203125 0.33125 0.01796875 0.0828125
1 0.25078125 0.35390625 0.04296875 0.125
3 0.03515625 0.31796875 0.034375 0.1328125
3 0.95703125 0.4640625 0.015625 0.090625
3 0.60703125 0.4078125 0.0125 0.07421875
3 0.53984375 0.38828125 0.0078125 0.03828125
3 0.34375 0.33515625 0.0109375 0.03515625
3 0.3625 0.3375 0.0125 0.05546875
3 0.35234375 0.34921875 0.01640625 0.04453125
3 0.38984375 0.3515625 0.0109375 0.03984375
0 0.4328125 0.3625 0.01953125 0.03984375
3 0.2109375 0.33203125 0.0109375 0.03203125
3 0.975 0.459375 0.0234375 0.10546875